0000000000000000000000000000000000000000
0110000000111101111111110000000000000000
0111001001111101111110010000000000000000
0001100001111100000110110000000000000000
0111100100111100000110010000000000000000
0000000000000000011000000000000000000000
0000000000010100001000000000000000000000
0000001000000100101000000000000000000000
0000001000111100101000000000000000000000
0000000000000000000000000000000000000000
0111000000110000000000000000000000000000
0100000001110011001000000000000000000000
0100000000000011000000010000000000000000
0100000000000001000000000000000000000000
0000000000000111000011110000000000000000
0000000000000101000001110000000000000000
0000000000000111000101100000000000000000
0000000000000000000000000000000000000000
0000011000110000010000000000000000000000
0000000000000000000000000000000000000000
0111110011000000000000010000000000000000
0001111000000000000000010000000000000000
0000000000000000000000000000000000000000
